4267437526
4267438628
4266688917
4267436018
4267436988
4333674693
4333675741
4334421070
4334422054
4333679385
4334428360
4333675741
4333687315
4334429284
4333672705
510335859
510335163
510336639
510314518
510318560
176018508
176018513
176033656
176040818
176040827
12806199
12806110
12806094
12806038
12806197
176018508
176018513
176033656
176040818
176040827
176018508
176018513
176033656
176040818
176040827
176018508
176018511
176018512
176018513
176018515
446634997
446636523
446638085
446632330
446634550
